Number = 25

Type(1) = osm_1_1
Lat(1) = 0
Long(1) = 0
HeightCorrection(1) = 0.1
Rotation(1) = 180
Morph(1) = 1
Type(2) = osm_1_2
Lat(2) = 50.78883035
Long(2) = -1.1657796
HeightCorrection(2) = 0.1
Rotation(2) = 180
Morph(2) = 1
Type(3) = osm_1_3
Lat(3) = 50.80531425
Long(3) = -1.16595615
HeightCorrection(3) = 0.1
Rotation(3) = 180
Morph(3) = 1
Type(4) = osm_1_4
Lat(4) = 50.82396805
Long(4) = -1.1658995
HeightCorrection(4) = 0.1
Rotation(4) = 180
Morph(4) = 1
Type(5) = osm_1_5
Lat(5) = 50.842479350000005
Long(5) = -1.16627015
HeightCorrection(5) = 0.1
Rotation(5) = 180
Morph(5) = 1
Type(6) = osm_2_1
Lat(6) = 50.775552250000004
Long(6) = -1.1368814999999999
HeightCorrection(6) = 0.1
Rotation(6) = 180
Morph(6) = 1
Type(7) = osm_2_2
Lat(7) = 50.7865831
Long(7) = -1.1420576
HeightCorrection(7) = 0.1
Rotation(7) = 180
Morph(7) = 1
Type(8) = osm_2_3
Lat(8) = 50.805252749999994
Long(8) = -1.1419282499999999
HeightCorrection(8) = 0.1
Rotation(8) = 180
Morph(8) = 1
Type(9) = osm_2_4
Lat(9) = 50.82357655
Long(9) = -1.14568275
HeightCorrection(9) = 0.1
Rotation(9) = 180
Morph(9) = 1
Type(10) = osm_2_5
Lat(10) = 50.8428573
Long(10) = -1.1420735999999998
HeightCorrection(10) = 0.1
Rotation(10) = 180
Morph(10) = 1
Type(11) = osm_3_1
Lat(11) = 0
Long(11) = 0
HeightCorrection(11) = 0.1
Rotation(11) = 180
Morph(11) = 1
Type(12) = osm_3_2
Lat(12) = 50.78882725
Long(12) = -1.1173066
HeightCorrection(12) = 0.1
Rotation(12) = 180
Morph(12) = 1
Type(13) = osm_3_3
Lat(13) = 50.804009699999995
Long(13) = -1.11744055
HeightCorrection(13) = 0.1
Rotation(13) = 180
Morph(13) = 1
Type(14) = osm_3_4
Lat(14) = 0
Long(14) = 0
HeightCorrection(14) = 0.1
Rotation(14) = 180
Morph(14) = 1
Type(15) = osm_3_5
Lat(15) = 50.8439291
Long(15) = -1.11810695
HeightCorrection(15) = 0.1
Rotation(15) = 180
Morph(15) = 1
Type(16) = osm_4_1
Lat(16) = 50.77049635
Long(16) = -1.0989458
HeightCorrection(16) = 0.1
Rotation(16) = 180
Morph(16) = 1
Type(17) = osm_4_2
Lat(17) = 50.78696055
Long(17) = -1.0941770000000002
HeightCorrection(17) = 0.1
Rotation(17) = 180
Morph(17) = 1
Type(18) = osm_4_3
Lat(18) = 50.80508195
Long(18) = -1.09415945
HeightCorrection(18) = 0.1
Rotation(18) = 180
Morph(18) = 1
Type(19) = osm_4_4
Lat(19) = 50.82384895
Long(19) = -1.09100865
HeightCorrection(19) = 0.1
Rotation(19) = 180
Morph(19) = 1
Type(20) = osm_4_5
Lat(20) = 50.842664150000004
Long(20) = -1.09395175
HeightCorrection(20) = 0.1
Rotation(20) = 180
Morph(20) = 1
Type(21) = osm_5_1
Lat(21) = 0
Long(21) = 0
HeightCorrection(21) = 0.1
Rotation(21) = 180
Morph(21) = 1
Type(22) = osm_5_2
Lat(22) = 50.78720255
Long(22) = -1.0696313499999999
HeightCorrection(22) = 0.1
Rotation(22) = 180
Morph(22) = 1
Type(23) = osm_5_3
Lat(23) = 50.8052739
Long(23) = -1.0696967499999999
HeightCorrection(23) = 0.1
Rotation(23) = 180
Morph(23) = 1
Type(24) = osm_5_4
Lat(24) = 50.823659
Long(24) = -1.0700536
HeightCorrection(24) = 0.1
Rotation(24) = 180
Morph(24) = 1
Type(25) = osm_5_5
Lat(25) = 50.84251985
Long(25) = -1.0700045500000002
HeightCorrection(25) = 0.1
Rotation(25) = 180
Morph(25) = 1
