Number=1
MapImage=map.png
HeightMap(1)=height.f32
Texture(1)=texture.png
TerrainLong(1)=-1.1780103047688801
TerrainLat(1)=50.75852561156649
TerrainLongExtent(1)=0.11975351969401049
TerrainLatExtent(1)=0.09338334501024548
TerrainHeightMapRows(1)=2049
TerrainHeightMapColumns(1)=2049
TerrainMaxHeight(1)=54.9532
SeaMaxDepth(1)=999.0
