Number=22

Type(1)=port
Long(1)=-122.5516920
Lat(1)=48.3618069

Type(2)=port
Long(2)=-122.5544431
Lat(2)=48.3602523

Type(3)=stbd_post
Long(3)=-122.5551163
Lat(3)=48.3620939
Grounded(3)=1

Type(4)=port_post
Long(4)=-122.5471450
Lat(4)=48.3629236
Grounded(4)=1

Type(5)=port_post
Long(5)=-122.5419681
Lat(5)=48.3640133
Grounded(5)=1

Type(6)=port_post
Long(6)=-122.5390696
Lat(6)=48.3646662
Grounded(6)=1

Type(7)=port_post
Long(7)=-122.5062439
Lat(7)=48.3829144
Grounded(7)=1

Type(8)=stbd_post
Long(8)=-122.5308556
Lat(8)=48.3672444
Grounded(8)=1

Type(9)=port_post
Long(9)=-122.5104725
Lat(9)=48.3703014
Grounded(9)=1

Type(10)=port_post
Long(10)=-122.5256711
Lat(10)=48.3672975
Grounded(10)=1

Type(11)=stbd_post
Long(11)=-122.5107097
Lat(11)=48.3714567
Grounded(11)=1

Type(12)=port_post
Long(12)=-122.5093344
Lat(12)=48.3747375
Grounded(12)=1

Type(13)=special_post
Long(13)=-122.5660358
Lat(13)=48.3591569
Grounded(13)=1

Type(14)=special_post
Long(14)=-122.5801044
Lat(14)=48.3560983
Grounded(14)=1

Type(15)=stbd_post
Long(15)=-122.5395742
Lat(15)=48.3654100
Grounded(15)=1

Type(16)=stbd
Long(16)=-122.5510096
Lat(16)=48.3630384

Type(17)=port
Long(17)=-122.5492175
Lat(17)=48.3511194

Type(18)=port
Long(18)=-122.5346050
Lat(18)=48.3400133

Type(19)=port
Long(19)=-122.5231622
Lat(19)=48.3320883

Type(20)=port
Long(20)=-122.5113783
Lat(20)=48.3250403

Type(21)=port_post
Long(21)=-122.5632539
Lat(21)=48.3737892
Grounded(21)=1

Type(22)=stbd_post
Long(22)=-122.5202883
Lat(22)=48.3694464
Grounded(22)=1

