Number = 25

Type(1) = osm_1_1
Lat(1) = 48.32514715
Long(1) = -122.58756310000001
HeightCorrection(1) = 0.1
Rotation(1) = 180
Morph(1) = 1
Type(2) = osm_1_2
Lat(2) = 48.343710200000004
Long(2) = -122.5875281
HeightCorrection(2) = 0.1
Rotation(2) = 180
Morph(2) = 1
Type(3) = osm_1_3
Lat(3) = 48.364979000000005
Long(3) = -122.59243025
HeightCorrection(3) = 0.1
Rotation(3) = 180
Morph(3) = 1
Type(4) = osm_1_4
Lat(4) = 48.3807343
Long(4) = -122.591193
HeightCorrection(4) = 0.1
Rotation(4) = 180
Morph(4) = 1
Type(5) = osm_1_5
Lat(5) = 48.3955567
Long(5) = -122.5936326
HeightCorrection(5) = 0.1
Rotation(5) = 180
Morph(5) = 1
Type(6) = osm_2_1
Lat(6) = 48.32423715
Long(6) = -122.56059165
HeightCorrection(6) = 0.1
Rotation(6) = 180
Morph(6) = 1
Type(7) = osm_2_2
Lat(7) = 48.3426351
Long(7) = -122.5619179
HeightCorrection(7) = 0.1
Rotation(7) = 180
Morph(7) = 1
Type(8) = osm_2_3
Lat(8) = 0
Long(8) = 0
HeightCorrection(8) = 0.1
Rotation(8) = 180
Morph(8) = 1
Type(9) = osm_2_4
Lat(9) = 0
Long(9) = 0
HeightCorrection(9) = 0.1
Rotation(9) = 180
Morph(9) = 1
Type(10) = osm_2_5
Lat(10) = 48.40389275
Long(10) = -122.55050695
HeightCorrection(10) = 0.1
Rotation(10) = 180
Morph(10) = 1
Type(11) = osm_3_1
Lat(11) = 48.3251159
Long(11) = -122.53361255
HeightCorrection(11) = 0.1
Rotation(11) = 180
Morph(11) = 1
Type(12) = osm_3_2
Lat(12) = 48.33528035
Long(12) = -122.54582565
HeightCorrection(12) = 0.1
Rotation(12) = 180
Morph(12) = 1
Type(13) = osm_3_3
Lat(13) = 48.3639938
Long(13) = -122.53552695
HeightCorrection(13) = 0.1
Rotation(13) = 180
Morph(13) = 1
Type(14) = osm_3_4
Lat(14) = 48.38259155
Long(14) = -122.52785705
HeightCorrection(14) = 0.1
Rotation(14) = 180
Morph(14) = 1
Type(15) = osm_3_5
Lat(15) = 48.3990487
Long(15) = -122.53363955
HeightCorrection(15) = 0.1
Rotation(15) = 180
Morph(15) = 1
Type(16) = osm_4_1
Lat(16) = 48.31877765
Long(16) = -122.51690405
HeightCorrection(16) = 0.1
Rotation(16) = 180
Morph(16) = 1
Type(17) = osm_4_2
Lat(17) = 0
Long(17) = 0
HeightCorrection(17) = 0.1
Rotation(17) = 180
Morph(17) = 1
Type(18) = osm_4_3
Lat(18) = 0
Long(18) = 0
HeightCorrection(18) = 0.1
Rotation(18) = 180
Morph(18) = 1
Type(19) = osm_4_4
Lat(19) = 48.380796450000005
Long(19) = -122.50655800000001
HeightCorrection(19) = 0.1
Rotation(19) = 180
Morph(19) = 1
Type(20) = osm_4_5
Lat(20) = 48.3963389
Long(20) = -122.50627474999999
HeightCorrection(20) = 0.1
Rotation(20) = 180
Morph(20) = 1
Type(21) = osm_5_1
Lat(21) = 0
Long(21) = 0
HeightCorrection(21) = 0.1
Rotation(21) = 180
Morph(21) = 1
Type(22) = osm_5_2
Lat(22) = 0
Long(22) = 0
HeightCorrection(22) = 0.1
Rotation(22) = 180
Morph(22) = 1
Type(23) = osm_5_3
Lat(23) = 48.36573645
Long(23) = -122.47421455
HeightCorrection(23) = 0.1
Rotation(23) = 180
Morph(23) = 1
Type(24) = osm_5_4
Lat(24) = 48.3808988
Long(24) = -122.48036345
HeightCorrection(24) = 0.1
Rotation(24) = 180
Morph(24) = 1
Type(25) = osm_5_5
Lat(25) = 48.399193100000005
Long(25) = -122.48162585
HeightCorrection(25) = 0.1
Rotation(25) = 180
Morph(25) = 1
