Number=1
MapImage=map.png
HeightMap(1)=height.f32
Texture(1)=texture.png
TerrainLong(1)=-122.60110586197649
TerrainLat(1)=48.31589789090247
TerrainLongExtent(1)=0.13513408723424902
TerrainLatExtent(1)=0.0927053483154694
TerrainHeightMapRows(1)=2049
TerrainHeightMapColumns(1)=2049
TerrainMaxHeight(1)=143.07004
SeaMaxDepth(1)=999.0
