Number=5

Lat(1)=33.30200
Long(1)=-118.31758

Lat(2)=33.40618
Long(2)=-118.36655

Lat(3)=33.46322
Long(3)=-118.49170

Lat(4)=33.47873
Long(4)=-118.60573

Lat(5)=33.42338
Long(5)=-118.51390
