Number=37

Type(1)="port_small"
Long(1)=-9.96833333333333
Lat(1)=50.009

Type(2)="port_small"
Long(2)=-9.969
Lat(2)=50.0108333333333

Type(3)="port_small"
Long(3)=-9.9705
Lat(3)=50.0121666666667

Type(4)="port_small"
Long(4)=-9.97316666666667
Lat(4)=50.0125

Type(5)="port_small"
Long(5)=-9.9745
Lat(5)=50.0126666666667

Type(6)="port_small"
Long(6)=-9.97566666666667
Lat(6)=50.014

Type(7)="port_small"
Long(7)=-9.97566666666667
Lat(7)=50.016

Type(8)="port_small"
Long(8)=-9.9745
Lat(8)=50.0173333333333

Type(9)="port_small"
Long(9)=-9.97183333333333
Lat(9)=50.0175

Type(10)="port_small"
Long(10)=-9.96866666666667
Lat(10)=50.018

Type(11)="port_small"
Long(11)=-9.9675
Lat(11)=50.02

Type(12)="port_small"
Long(12)=-9.97033333333333
Lat(12)=50.0223333333333

Type(13)="port_small"
Long(13)=-9.97233333333333
Lat(13)=50.023

Type(14)="port_small"
Long(14)=-9.97133333333333
Lat(14)=50.0245

Type(15)="port_med"
Long(15)=-9.96783333333333
Lat(15)=50.0246666666667

Type(16)="port_med"
Long(16)=-9.964
Lat(16)=50.0241666666667

Type(17)="port_med"
Long(17)=-9.96016666666667
Lat(17)=50.025

Type(18)="port_med"
Long(18)=-9.9565
Lat(18)=50.0253333333333
		
Type(19)="safe"
Long(19)=-9.9545
Lat(19)=50.0265
		
Type(20)="stbd_small"
Long(20)=-9.96916666666667
Lat(20)=50.0088333333333

Type(21)="stbd_small"
Long(21)=-9.9695
Lat(21)=50.0106666666667

Type(22)="stbd_small"
Long(22)=-9.97133333333333
Lat(22)=50.0116666666667

Type(23)="stbd_small"
Long(23)=-9.97383333333333
Lat(23)=50.0118333333333

Type(24)="stbd_small"
Long(24)=-9.97533333333333
Lat(24)=50.0123333333333

Type(25)="stbd_small"
Long(25)=-9.97733333333333
Lat(25)=50.0136666666667

Type(26)="stbd_small"
Long(26)=-9.9765
Lat(26)=50.0161666666667

Type(27)="stbd_small"
Long(27)=-9.975
Lat(27)=50.0176666666667

Type(28)="stbd_small"
Long(28)=-9.97183333333333
Lat(28)=50.018

Type(29)="stbd_small"
Long(29)=-9.9695
Lat(29)=50.0183333333333

Type(30)="stbd_small"
Long(30)=-9.969
Lat(30)=50.02

Type(31)="stbd_small"
Long(31)=-9.971
Lat(31)=50.0216666666667

Type(32)="stbd_small"
Long(32)=-9.9735
Lat(32)=50.0226666666667

Type(33)="stbd_small"
Long(33)=-9.97266666666667
Lat(33)=50.0255

Type(34)="stbd_med"
Long(34)=-9.96766666666667
Lat(34)=50.0258333333333

Type(35)="stbd_med"
Long(35)=-9.96383333333333
Lat(35)=50.0256666666667

Type(36)="stbd_med"
Long(36)=-9.9605
Lat(36)=50.0258333333333

Type(37)="stbd_med"
Long(37)=-9.9575
Lat(37)=50.0268333333333
