Number=2
Type(1)="Puffer"
InitLong(1)=-9.98699
InitLat(1)=50.0104
mmsi(1)=0
Legs(1)=0
Type(2)="VIC56"
InitLong(2)=-9.98749
InitLat(2)=50.0081
mmsi(2)=0
Legs(2)=0
