Harmonics=5

Amplitude(0)=3.08
Amplitude(1)=1.87
Amplitude(2)=0.63
Amplitude(3)=0.42
Amplitude(4)=0.21
Amplitude(5)=0.08

Offset(1)=-116.17
Offset(2)=-77.56
Offset(3)=66.31
Offset(4)=-267.8
Offset(5)=-30

Speed(1)=28.9841042
Speed(2)=30
Speed(3)=28.4397295
Speed(4)=30.0821373
Speed(5)=57.4238337
