Number=5

Type(1)="Lighthouse"
Lat(1)=33.30200
Long(1)=-118.31758
Rotation(1)=0
HeightCorrection(1)=64.62
Absolute(1)=1

Type(2)="Lighthouse"
Lat(2)=33.40618
Long(2)=-118.36655
HeightCorrection(2)=21.64
Rotation(2)=0
Absolute(2)=1

Type(3)="Lighthouse"
Lat(3)=33.46322
Long(3)=-118.49170
HeightCorrection(3)=22.86
Rotation(3)=0
Absolute(3)=1

Type(4)="Lighthouse"
Lat(4)=33.47873
Long(4)=-118.60573
HeightCorrection(4)=23.16
Rotation(4)=0
Absolute(4)=1

Type(5)="Lighthouse"
Lat(5)=33.42338
Long(5)=-118.51390
HeightCorrection(5)=121.92
Rotation(5)=0
Absolute(5)=1
