Number=13

Lat(1)=33.30200
Long(1)=-118.31758
Height(1)=64.62
Red(1)=255
Green(1)=255
Blue(1)=255
Range(1)=10
Sequence(1)="LLLDDDDDDDDDDDDDDDDDDDDD"
StartAngle(1)=72
EndAngle(1)=248
Absolute(1)=1

Lat(2)=33.34507
Long(2)=-118.32198
Height(2)=6.40
Red(2)=0
Green(2)=255
Blue(2)=0
Range(2)=5
Sequence(2)="LLLDDDDDDD"
StartAngle(2)=0
EndAngle(2)=360
Absolute(2)=1

Lat(3)=33.34833
Long(3)=-118.32387
Height(3)=6.40
Red(3)=255
Green(3)=0
Blue(3)=0
Range(3)=4
Sequence(3)="LLLDDDDDDDDDDDDD"
StartAngle(3)=0
EndAngle(3)=360
Absolute(3)=1

Lat(4)=33.40618
Long(4)=-118.36655
Height(4)=21.64
Red(4)=255
Green(4)=255
Blue(4)=255
Range(4)=10
Sequence(4)="LLLDDDDDDDDDDDDDDDDDDDDD"
StartAngle(4)=0
EndAngle(4)=360
Absolute(4)=1

Lat(5)=33.46322
Long(5)=-118.49170
Height(5)=22.86
Red(5)=255
Green(5)=255
Blue(5)=255
Range(5)=6
Sequence(5)="LLLDDDDDDDDDDDDD"
StartAngle(5)=0
EndAngle(5)=360
Absolute(5)=1

Lat(6)=33.44753
Long(6)=-118.48978
Height(6)=6.40
Red(6)=255
Green(6)=255
Blue(6)=255
Range(6)=5
Sequence(6)="LLLDDDDDDD"
StartAngle(6)=0
EndAngle(6)=360
Absolute(6)=1

Lat(7)=33.47873
Long(7)=-118.60573
Height(7)=23.16
Red(7)=255
Green(7)=255
Blue(7)=255
Range(7)=10
Sequence(7)="LLLDDDDDDDDDDDDDDDDDDDDD"
StartAngle(7)=156
EndAngle(7)=446
Absolute(7)=1

Lat(8)=33.42338
Long(8)=-118.51390
Height(8)=121.92
Red(8)=255
Green(8)=255
Blue(8)=255
Range(8)=7
Sequence(8)="LLLDDDDDDDDDDDDD"
StartAngle(8)=109
EndAngle(8)=284
Absolute(8)=1

Buoy(9)=1
Height(9)=3.5
Red(9)=255
Green(9)=255
Blue(9)=255
Range(9)=4
Sequence(9)="lllddddddddddddd"
StartAngle(9)=0
EndAngle(9)=360

Buoy(10)=4
Height(10)=3.5
Red(10)=255
Green(10)=255
Blue(10)=255
Range(10)=4
Sequence(10)="lllddddddddddddd"
StartAngle(10)=0
EndAngle(10)=360

Buoy(11)=5
Height(11)=3.5
Red(11)=255
Green(11)=255
Blue(11)=255
Range(11)=4
Sequence(11)="lllddddddddd"
StartAngle(11)=0
EndAngle(11)=360

Buoy(12)=6
Height(12)=3.5
Red(12)=255
Green(12)=255
Blue(12)=255
Range(12)=4
Sequence(12)="lllddddddddd"
StartAngle(12)=0
EndAngle(12)=360

Buoy(13)=12
Height(13)=3.5
Red(13)=0
Green(13)=255
Blue(13)=0
Range(13)=4
Sequence(13)="lllddddddddddddd"
StartAngle(13)=0
EndAngle(13)=360
