Number=1

MapImage="map2048.png"

HeightMap(1)="height2049.f32"
Texture(1)="texture.bmp"
TerrainLong(1)=-124.000416666667
TerrainLat(1)=47.999583333333
TerrainLongExtent(1)=2.000833333
TerrainLatExtent(1)=1.000833333
TerrainMaxHeight(1)=100
SeaMaxDepth(1)=44.07
TerrainHeightMapSize(1)=2049
